κ₂/κ   x      r_0      r_x      γ_e(x)       E_obs        E_ansatz     E_obs/E_ansatz
0.05   6.86   0.95614  0.95883  1.72128e-04  +4.629e-07  +4.620e-07  1.002
0.05   9      0.95614  0.95655  1.64117e-04  +6.730e-08  +5.440e-08  1.237
0.1    6.86   0.95611  0.95880  1.72185e-04  +4.643e-07  +4.627e-07  1.003
0.1    9      0.95611  0.95652  1.64199e-04  +6.746e-08  +5.448e-08  1.238
0.25   6.86   0.95601  0.95875  1.72366e-04  +4.725e-07  +4.646e-07  1.017
0.25   10.1   0.95601  0.95618  1.62722e-04  +2.764e-08  +1.823e-08  1.516
0.4    6.86   0.95591  0.95870  1.72571e-04  +4.804e-07  +4.667e-07  1.029
0.4    9.5    0.95591  0.95619  1.63779e-04  +4.564e-08  +3.332e-08  1.370
E_obs/E_ansatz entre 1.002 y 1.516; en [0.7, 1.3] en 6 de 8 puntos: no consistente (criterio fijado antes: los 8)
