0.03 6.0 4.0 4.0 1 24
0.03 6.0 4.0 4.0 0 24
0.05 5.0 4.0 4.0 1 24
0.05 5.0 4.0 4.0 0 24
0.1 7.0 4.0 4.0 1 24
0.1 7.0 4.0 4.0 0 24
0.15 6.0 4.0 4.0 1 24
0.15 6.0 4.0 4.0 0 24
0.05 6.0 5.0 4.0 1 24
0.05 6.0 5.0 4.0 0 24
0.12 7.0 7.0 4.0 1 24
0.12 7.0 7.0 4.0 0 24
0.05 7.0 10.0 4.0 1 24
0.05 7.0 10.0 4.0 0 24
0.08 5.0 10.0 4.0 1 24
0.08 5.0 10.0 4.0 0 24
0.1 4.0 10.0 4.0 1 24
0.1 4.0 10.0 4.0 0 24
0.05 6.0 12.0 4.0 1 24
0.05 6.0 12.0 4.0 0 24
0.04 8.0 3.0 4.0 1 24
0.04 8.0 3.0 4.0 0 24
0.08 4.0 6.0 4.0 1 24
0.08 4.0 6.0 4.0 0 24
0.06 8.0 8.0 4.0 1 24
0.06 8.0 8.0 4.0 0 24
0.1 5.0 2.0 4.0 1 24
0.1 5.0 2.0 4.0 0 24
0.05 6.0 4.0 4.0 1 24
0.05 6.0 4.0 4.0 0 24
0.375 15.0 4.0 4.0 1 24
0.375 15.0 4.0 4.0 0 24
0.75 30.0 4.0 4.0 1 24
0.75 30.0 4.0 4.0 0 24
0.3 15.0 2.0 4.0 1 24
0.3 15.0 2.0 4.0 0 24
0.6 30.0 2.0 4.0 1 24
0.6 30.0 2.0 4.0 0 24
