0.001 10 20 3
0.00137382 10 20 3
0.00188739 10 20 3
0.00259294 10 20 3
0.00356225 10 20 3
0.0048939 10 20 3
0.00672336 10 20 3
0.00923671 10 20 3
0.0126896 10 20 3
0.0174333 10 20 3
0.0239503 10 20 3
0.0329034 10 20 3
0.0452035 10 20 3
0.0621017 10 20 3
0.0853168 10 20 3
0.11721 10 20 3
0.161026 10 20 3
0.221222 10 20 3
0.30392 10 20 3
0.417532 10 20 3
0.573615 10 20 3
0.788046 10 20 3
1.08264 10 20 3
1.48735 10 20 3
2.04336 10 20 3
2.80722 10 20 3
3.85662 10 20 3
5.29832 10 20 3
7.27895 10 20 3
10 10 20 3
0.01 10 20 2
1 10 26 3
