0.001 24
0.00137382 24
0.00188739 24
0.00259294 24
0.00356225 24
0.0048939 24
0.00672336 24
0.00923671 24
0.0126896 24
0.0174333 24
0.0239503 24
0.0329034 24
0.0452035 24
0.0621017 24
0.0853168 24
0.11721 24
0.161026 24
0.221222 24
0.30392 24
0.417532 24
0.573615 24
0.788046 24
1.08264 24
1.48735 24
2.04336 24
2.80722 24
3.85662 24
5.29832 24
7.27895 24
10 24
0.001 30
0.001 36
0.00356225 30
0.00356225 36
0.0126896 30
0.0126896 36
0.0452035 30
0.0452035 36
0.161026 30
0.161026 36
0.573615 30
0.573615 36
2.04336 30
2.04336 36
7.27895 30
7.27895 36
