4 -0.04517539515 0.21 0.03 0.01897366596 7.993896039 7.993896039 22
4 -0.04517539515 0.21 0.03 0.01897366596 7.994844723 7.994844723 22
4 -0.04517539515 0.21 0.03 0.01897366596 7.995793406 7.995793406 22
4 -0.04517539515 0.21 0.03 0.01897366596 7.997216431 7.997216431 22
4 -0.04517539515 0.21 0.03 0.01897366596 7.998639456 7.998639456 22
4 -0.04517539515 0.21 0.03 0.01897366596 8.000062481 8.000062481 22
4 -0.04517539515 0.21 0.03 0.01897366596 8.001485506 8.001485506 22
4 -0.04517539515 0.21 0.03 0.01897366596 8.002434189 8.002434189 22
4 -0.1428571429 0.21 0.03 0.06 7.971394558 7.971394558 22
4 -0.1428571429 0.21 0.03 0.06 7.974394558 7.974394558 22
4 -0.1428571429 0.21 0.03 0.06 7.977394558 7.977394558 22
4 -0.1428571429 0.21 0.03 0.06 7.981894558 7.981894558 22
4 -0.1428571429 0.21 0.03 0.06 7.986394558 7.986394558 22
4 -0.1428571429 0.21 0.03 0.06 7.990894558 7.990894558 22
4 -0.1428571429 0.21 0.03 0.06 7.995394558 7.995394558 22
4 -0.1428571429 0.21 0.03 0.06 7.998394558 7.998394558 22
6 -0.02371708245 0.6 0.03 0.01897366596 11.99500658 11.99500658 22
6 -0.02371708245 0.6 0.03 0.01897366596 11.99595527 11.99595527 22
6 -0.02371708245 0.6 0.03 0.01897366596 11.99690395 11.99690395 22
6 -0.02371708245 0.6 0.03 0.01897366596 11.99832698 11.99832698 22
6 -0.02371708245 0.6 0.03 0.01897366596 11.99975 11.99975 22
6 -0.02371708245 0.6 0.03 0.01897366596 12.00117302 12.00117302 22
6 -0.02371708245 0.6 0.03 0.01897366596 12.00259605 12.00259605 22
6 -0.02371708245 0.6 0.03 0.01897366596 12.00354473 12.00354473 22
6 -0.1185854123 0.12 0.03 0.01897366596 11.98900658 11.98900658 22
6 -0.1185854123 0.12 0.03 0.01897366596 11.98995527 11.98995527 22
6 -0.1185854123 0.12 0.03 0.01897366596 11.99090395 11.99090395 22
6 -0.1185854123 0.12 0.03 0.01897366596 11.99232698 11.99232698 22
6 -0.1185854123 0.12 0.03 0.01897366596 11.99375 11.99375 22
6 -0.1185854123 0.12 0.03 0.01897366596 11.99517302 11.99517302 22
6 -0.1185854123 0.12 0.03 0.01897366596 11.99659605 11.99659605 22
6 -0.1185854123 0.12 0.03 0.01897366596 11.99754473 11.99754473 22
8 -0.09035079029 0.21 0.03 0.01897366596 15.9925355 15.9925355 22
8 -0.09035079029 0.21 0.03 0.01897366596 15.99348418 15.99348418 22
8 -0.09035079029 0.21 0.03 0.01897366596 15.99443286 15.99443286 22
8 -0.09035079029 0.21 0.03 0.01897366596 15.99585589 15.99585589 22
8 -0.09035079029 0.21 0.03 0.01897366596 15.99727891 15.99727891 22
8 -0.09035079029 0.21 0.03 0.01897366596 15.99870194 15.99870194 22
8 -0.09035079029 0.21 0.03 0.01897366596 16.00012496 16.00012496 22
8 -0.09035079029 0.21 0.03 0.01897366596 16.00107364 16.00107364 22
8 -0.2857142857 0.21 0.03 0.06 15.95778912 15.95778912 22
8 -0.2857142857 0.21 0.03 0.06 15.96078912 15.96078912 22
8 -0.2857142857 0.21 0.03 0.06 15.96378912 15.96378912 22
8 -0.2857142857 0.21 0.03 0.06 15.96828912 15.96828912 22
8 -0.2857142857 0.21 0.03 0.06 15.97278912 15.97278912 22
8 -0.2857142857 0.21 0.03 0.06 15.97728912 15.97728912 22
8 -0.2857142857 0.21 0.03 0.06 15.98178912 15.98178912 22
8 -0.2857142857 0.21 0.03 0.06 15.98478912 15.98478912 22
