4 -0.04517539515 0.21 0.03 0.01897366596 7.970178957 7.970178957 16
4 -0.04517539515 0.21 0.03 0.01897366596 7.97966579 7.97966579 16
4 -0.04517539515 0.21 0.03 0.01897366596 7.986780915 7.986780915 16
4 -0.04517539515 0.21 0.03 0.01897366596 7.991524331 7.991524331 16
4 -0.04517539515 0.21 0.03 0.01897366596 7.993896039 7.993896039 16
4 -0.04517539515 0.21 0.03 0.01897366596 7.994844723 7.994844723 16
4 -0.04517539515 0.21 0.03 0.01897366596 7.995793406 7.995793406 16
4 -0.04517539515 0.21 0.03 0.01897366596 7.997216431 7.997216431 16
4 -0.04517539515 0.21 0.03 0.01897366596 7.998639456 7.998639456 16
4 -0.04517539515 0.21 0.03 0.01897366596 8.000062481 8.000062481 16
4 -0.04517539515 0.21 0.03 0.01897366596 8.001485506 8.001485506 16
4 -0.04517539515 0.21 0.03 0.01897366596 8.002434189 8.002434189 16
4 -0.04517539515 0.21 0.03 0.01897366596 8.003857214 8.003857214 16
4 -0.04517539515 0.21 0.03 0.01897366596 8.005754581 8.005754581 16
4 -0.04517539515 0.21 0.03 0.01897366596 8.010497997 8.010497997 16
4 -0.04517539515 0.21 0.03 0.01897366596 8.017613122 8.017613122 16
4 -0.04517539515 0.21 0.03 0.01897366596 8.027099955 8.027099955 16
4 -0.1428571429 0.21 0.03 0.06 7.896394558 7.896394558 16
4 -0.1428571429 0.21 0.03 0.06 7.926394558 7.926394558 16
4 -0.1428571429 0.21 0.03 0.06 7.948894558 7.948894558 16
4 -0.1428571429 0.21 0.03 0.06 7.963894558 7.963894558 16
4 -0.1428571429 0.21 0.03 0.06 7.971394558 7.971394558 16
4 -0.1428571429 0.21 0.03 0.06 7.974394558 7.974394558 16
4 -0.1428571429 0.21 0.03 0.06 7.977394558 7.977394558 16
4 -0.1428571429 0.21 0.03 0.06 7.981894558 7.981894558 16
4 -0.1428571429 0.21 0.03 0.06 7.986394558 7.986394558 16
4 -0.1428571429 0.21 0.03 0.06 7.990894558 7.990894558 16
4 -0.1428571429 0.21 0.03 0.06 7.995394558 7.995394558 16
4 -0.1428571429 0.21 0.03 0.06 7.998394558 7.998394558 16
4 -0.1428571429 0.21 0.03 0.06 8.002894558 8.002894558 16
4 -0.1428571429 0.21 0.03 0.06 8.008894558 8.008894558 16
4 -0.1428571429 0.21 0.03 0.06 8.023894558 8.023894558 16
4 -0.1428571429 0.21 0.03 0.06 8.046394558 8.046394558 16
4 -0.1428571429 0.21 0.03 0.06 8.076394558 8.076394558 16
8 -0.09035079029 0.21 0.03 0.01897366596 15.96881841 15.96881841 16
8 -0.09035079029 0.21 0.03 0.01897366596 15.97830525 15.97830525 16
8 -0.09035079029 0.21 0.03 0.01897366596 15.98542037 15.98542037 16
8 -0.09035079029 0.21 0.03 0.01897366596 15.99016379 15.99016379 16
8 -0.09035079029 0.21 0.03 0.01897366596 15.9925355 15.9925355 16
8 -0.09035079029 0.21 0.03 0.01897366596 15.99348418 15.99348418 16
8 -0.09035079029 0.21 0.03 0.01897366596 15.99443286 15.99443286 16
8 -0.09035079029 0.21 0.03 0.01897366596 15.99585589 15.99585589 16
8 -0.09035079029 0.21 0.03 0.01897366596 15.99727891 15.99727891 16
8 -0.09035079029 0.21 0.03 0.01897366596 15.99870194 15.99870194 16
8 -0.09035079029 0.21 0.03 0.01897366596 16.00012496 16.00012496 16
8 -0.09035079029 0.21 0.03 0.01897366596 16.00107364 16.00107364 16
8 -0.09035079029 0.21 0.03 0.01897366596 16.00249667 16.00249667 16
8 -0.09035079029 0.21 0.03 0.01897366596 16.00439404 16.00439404 16
8 -0.09035079029 0.21 0.03 0.01897366596 16.00913745 16.00913745 16
8 -0.09035079029 0.21 0.03 0.01897366596 16.01625258 16.01625258 16
8 -0.09035079029 0.21 0.03 0.01897366596 16.02573941 16.02573941 16
8 -0.2857142857 0.21 0.03 0.06 15.88278912 15.88278912 16
8 -0.2857142857 0.21 0.03 0.06 15.91278912 15.91278912 16
8 -0.2857142857 0.21 0.03 0.06 15.93528912 15.93528912 16
8 -0.2857142857 0.21 0.03 0.06 15.95028912 15.95028912 16
8 -0.2857142857 0.21 0.03 0.06 15.95778912 15.95778912 16
8 -0.2857142857 0.21 0.03 0.06 15.96078912 15.96078912 16
8 -0.2857142857 0.21 0.03 0.06 15.96378912 15.96378912 16
8 -0.2857142857 0.21 0.03 0.06 15.96828912 15.96828912 16
8 -0.2857142857 0.21 0.03 0.06 15.97278912 15.97278912 16
8 -0.2857142857 0.21 0.03 0.06 15.97728912 15.97728912 16
8 -0.2857142857 0.21 0.03 0.06 15.98178912 15.98178912 16
8 -0.2857142857 0.21 0.03 0.06 15.98478912 15.98478912 16
8 -0.2857142857 0.21 0.03 0.06 15.98928912 15.98928912 16
8 -0.2857142857 0.21 0.03 0.06 15.99528912 15.99528912 16
8 -0.2857142857 0.21 0.03 0.06 16.01028912 16.01028912 16
8 -0.2857142857 0.21 0.03 0.06 16.03278912 16.03278912 16
8 -0.2857142857 0.21 0.03 0.06 16.06278912 16.06278912 16
6 -0.1185854123 0.12 0.03 0.01897366596 11.9652895 11.9652895 16
6 -0.1185854123 0.12 0.03 0.01897366596 11.97477633 11.97477633 16
6 -0.1185854123 0.12 0.03 0.01897366596 11.98189146 11.98189146 16
6 -0.1185854123 0.12 0.03 0.01897366596 11.98663488 11.98663488 16
6 -0.1185854123 0.12 0.03 0.01897366596 11.98900658 11.98900658 16
6 -0.1185854123 0.12 0.03 0.01897366596 11.98995527 11.98995527 16
6 -0.1185854123 0.12 0.03 0.01897366596 11.99090395 11.99090395 16
6 -0.1185854123 0.12 0.03 0.01897366596 11.99232698 11.99232698 16
6 -0.1185854123 0.12 0.03 0.01897366596 11.99375 11.99375 16
6 -0.1185854123 0.12 0.03 0.01897366596 11.99517302 11.99517302 16
6 -0.1185854123 0.12 0.03 0.01897366596 11.99659605 11.99659605 16
6 -0.1185854123 0.12 0.03 0.01897366596 11.99754473 11.99754473 16
6 -0.1185854123 0.12 0.03 0.01897366596 11.99896776 11.99896776 16
6 -0.1185854123 0.12 0.03 0.01897366596 12.00086512 12.00086512 16
6 -0.1185854123 0.12 0.03 0.01897366596 12.00560854 12.00560854 16
6 -0.1185854123 0.12 0.03 0.01897366596 12.01272367 12.01272367 16
6 -0.1185854123 0.12 0.03 0.01897366596 12.0222105 12.0222105 16
6 -0.02371708245 0.6 0.03 0.01897366596 11.9712895 11.9712895 16
6 -0.02371708245 0.6 0.03 0.01897366596 11.98077633 11.98077633 16
6 -0.02371708245 0.6 0.03 0.01897366596 11.98789146 11.98789146 16
6 -0.02371708245 0.6 0.03 0.01897366596 11.99263488 11.99263488 16
6 -0.02371708245 0.6 0.03 0.01897366596 11.99500658 11.99500658 16
6 -0.02371708245 0.6 0.03 0.01897366596 11.99595527 11.99595527 16
6 -0.02371708245 0.6 0.03 0.01897366596 11.99690395 11.99690395 16
6 -0.02371708245 0.6 0.03 0.01897366596 11.99832698 11.99832698 16
6 -0.02371708245 0.6 0.03 0.01897366596 11.99975 11.99975 16
6 -0.02371708245 0.6 0.03 0.01897366596 12.00117302 12.00117302 16
6 -0.02371708245 0.6 0.03 0.01897366596 12.00259605 12.00259605 16
6 -0.02371708245 0.6 0.03 0.01897366596 12.00354473 12.00354473 16
6 -0.02371708245 0.6 0.03 0.01897366596 12.00496776 12.00496776 16
6 -0.02371708245 0.6 0.03 0.01897366596 12.00686512 12.00686512 16
6 -0.02371708245 0.6 0.03 0.01897366596 12.01160854 12.01160854 16
6 -0.02371708245 0.6 0.03 0.01897366596 12.01872367 12.01872367 16
6 -0.02371708245 0.6 0.03 0.01897366596 12.0282105 12.0282105 16
6 -0.06776309272 0.21 0.03 0.009486832981 11.96949868 11.96949868 14
6 -0.06776309272 0.21 0.03 0.009486832981 11.97898552 11.97898552 14
6 -0.06776309272 0.21 0.03 0.009486832981 11.98610064 11.98610064 14
6 -0.06776309272 0.21 0.03 0.009486832981 11.99084406 11.99084406 14
6 -0.06776309272 0.21 0.03 0.009486832981 11.99321577 11.99321577 14
6 -0.06776309272 0.21 0.03 0.009486832981 11.99416445 11.99416445 14
6 -0.06776309272 0.21 0.03 0.009486832981 11.99511313 11.99511313 14
6 -0.06776309272 0.21 0.03 0.009486832981 11.99653616 11.99653616 14
6 -0.06776309272 0.21 0.03 0.009486832981 11.99795918 11.99795918 14
6 -0.06776309272 0.21 0.03 0.009486832981 11.99938221 11.99938221 14
6 -0.06776309272 0.21 0.03 0.009486832981 12.00080523 12.00080523 14
6 -0.06776309272 0.21 0.03 0.009486832981 12.00175392 12.00175392 14
6 -0.06776309272 0.21 0.03 0.009486832981 12.00317694 12.00317694 14
6 -0.06776309272 0.21 0.03 0.009486832981 12.00507431 12.00507431 14
6 -0.06776309272 0.21 0.03 0.009486832981 12.00981772 12.00981772 14
6 -0.06776309272 0.21 0.03 0.009486832981 12.01693285 12.01693285 14
6 -0.06776309272 0.21 0.03 0.009486832981 12.02641968 12.02641968 14
1000 -6 60 1 1.44 1995.584 1995.584 14
1000 -6 60 1 1.44 1997.024 1997.024 14
1000 -6 60 1 1.44 1998.104 1998.104 14
1000 -6 60 1 1.44 1998.824 1998.824 14
1000 -6 60 1 1.44 1999.184 1999.184 14
1000 -6 60 1 1.44 1999.328 1999.328 14
1000 -6 60 1 1.44 1999.472 1999.472 14
1000 -6 60 1 1.44 1999.688 1999.688 14
1000 -6 60 1 1.44 1999.904 1999.904 14
1000 -6 60 1 1.44 2000.12 2000.12 14
1000 -6 60 1 1.44 2000.336 2000.336 14
1000 -6 60 1 1.44 2000.48 2000.48 14
1000 -6 60 1 1.44 2000.696 2000.696 14
1000 -6 60 1 1.44 2000.984 2000.984 14
1000 -6 60 1 1.44 2001.704 2001.704 14
1000 -6 60 1 1.44 2002.784 2002.784 14
1000 -6 60 1 1.44 2004.224 2004.224 14
1000 -1.317615692 60 1 0.316227766 1999.046687 1999.046687 14
1000 -1.317615692 60 1 0.316227766 1999.362915 1999.362915 14
1000 -1.317615692 60 1 0.316227766 1999.600086 1999.600086 14
1000 -1.317615692 60 1 0.316227766 1999.7582 1999.7582 14
1000 -1.317615692 60 1 0.316227766 1999.837256 1999.837256 14
1000 -1.317615692 60 1 0.316227766 1999.868879 1999.868879 14
1000 -1.317615692 60 1 0.316227766 1999.900502 1999.900502 14
1000 -1.317615692 60 1 0.316227766 1999.947936 1999.947936 14
1000 -1.317615692 60 1 0.316227766 1999.99537 1999.99537 14
1000 -1.317615692 60 1 0.316227766 2000.042805 2000.042805 14
1000 -1.317615692 60 1 0.316227766 2000.090239 2000.090239 14
1000 -1.317615692 60 1 0.316227766 2000.121861 2000.121861 14
1000 -1.317615692 60 1 0.316227766 2000.169296 2000.169296 14
1000 -1.317615692 60 1 0.316227766 2000.232541 2000.232541 14
1000 -1.317615692 60 1 0.316227766 2000.390655 2000.390655 14
1000 -1.317615692 60 1 0.316227766 2000.627826 2000.627826 14
1000 -1.317615692 60 1 0.316227766 2000.944054 2000.944054 14
4 -0.1428571429 0.21 0.03 0.06 7.986394558 7.986394558 22
4 -0.1428571429 0.21 0.03 0.06 8.008894558 8.008894558 22
1000 -6 60 1 1.44 1999.904 1999.904 20
1000 -6 60 1 1.44 2000.984 2000.984 20
