-0.212132 11.955000 12.000000 0.060000 20
-0.212132 11.957500 12.000000 0.060000 20
-0.212132 11.960000 12.000000 0.060000 20
-0.212132 11.962500 12.000000 0.060000 20
-0.212132 11.965000 12.000000 0.060000 20
-0.212132 11.967500 12.000000 0.060000 20
-0.212132 11.970000 12.000000 0.060000 20
-0.212132 11.972500 12.000000 0.060000 20
-0.212132 11.975000 12.000000 0.060000 20
-0.212132 11.977500 12.000000 0.060000 20
-0.212132 11.980000 12.000000 0.060000 20
-0.212132 11.982500 12.000000 0.060000 20
-0.212132 11.985000 12.000000 0.060000 20
-0.212132 11.987500 12.000000 0.060000 20
-0.212132 11.990000 12.000000 0.060000 20
-0.212132 11.992500 12.000000 0.060000 20
-0.212132 11.995000 12.000000 0.060000 20
-0.212132 11.997500 12.000000 0.060000 20
-0.212132 12.000000 12.000000 0.060000 20
-0.212132 12.002500 12.000000 0.060000 20
-0.212132 12.005000 12.000000 0.060000 20
-0.212132 12.007500 12.000000 0.060000 20
-0.212132 12.010000 12.000000 0.060000 20
-0.212132 12.012500 12.000000 0.060000 20
-0.212132 12.015000 12.000000 0.060000 20
-0.212132 11.980000 12.000000 0.060000 26
-0.036742 11.989008 11.989008 0.010392 20
-0.036742 11.992905 11.992905 0.010392 20
-0.036742 11.995503 11.995503 0.010392 20
-0.036742 11.997322 11.997322 0.010392 20
-0.036742 11.998621 11.998621 0.010392 20
-0.036742 11.999400 11.999400 0.010392 20
-0.036742 12.000179 12.000179 0.010392 20
-0.036742 12.001478 12.001478 0.010392 20
-0.036742 12.003297 12.003297 0.010392 20
-0.036742 12.005895 12.005895 0.010392 20
-0.036742 12.009792 12.009792 0.010392 20
-0.036742 12.014988 12.014988 0.010392 20
-0.067082 11.979026 11.979026 0.018974 20
-0.067082 11.986141 11.986141 0.018974 20
-0.067082 11.990885 11.990885 0.018974 20
-0.067082 11.994205 11.994205 0.018974 20
-0.067082 11.996577 11.996577 0.018974 20
-0.067082 11.998000 11.998000 0.018974 20
-0.067082 11.999423 11.999423 0.018974 20
-0.067082 12.001795 12.001795 0.018974 20
-0.067082 12.005115 12.005115 0.018974 20
-0.067082 12.009859 12.009859 0.018974 20
-0.067082 12.016974 12.016974 0.018974 20
-0.067082 12.026460 12.026460 0.018974 20
-0.116190 11.961137 11.961137 0.032863 20
-0.116190 11.973460 11.973460 0.032863 20
-0.116190 11.981676 11.981676 0.032863 20
-0.116190 11.987427 11.987427 0.032863 20
-0.116190 11.991535 11.991535 0.032863 20
-0.116190 11.994000 11.994000 0.032863 20
-0.116190 11.996465 11.996465 0.032863 20
-0.116190 12.000573 12.000573 0.032863 20
-0.116190 12.006324 12.006324 0.032863 20
-0.116190 12.014540 12.014540 0.032863 20
-0.116190 12.026863 12.026863 0.032863 20
-0.116190 12.043295 12.043295 0.032863 20
-0.212132 11.920000 11.920000 0.060000 20
-0.212132 11.942500 11.942500 0.060000 20
-0.212132 11.957500 11.957500 0.060000 20
-0.212132 11.968000 11.968000 0.060000 20
-0.212132 11.975500 11.975500 0.060000 20
-0.212132 11.980000 11.980000 0.060000 20
-0.212132 11.984500 11.984500 0.060000 20
-0.212132 11.992000 11.992000 0.060000 20
-0.212132 12.002500 12.002500 0.060000 20
-0.212132 12.017500 12.017500 0.060000 20
-0.212132 12.040000 12.040000 0.060000 20
-0.212132 12.070000 12.070000 0.060000 20
-0.300000 11.875147 11.875147 0.084853 20
-0.300000 11.906967 11.906967 0.084853 20
-0.300000 11.928180 11.928180 0.084853 20
-0.300000 11.943029 11.943029 0.084853 20
-0.300000 11.953636 11.953636 0.084853 20
-0.300000 11.960000 11.960000 0.084853 20
-0.300000 11.966364 11.966364 0.084853 20
-0.300000 11.976971 11.976971 0.084853 20
-0.300000 11.991820 11.991820 0.084853 20
-0.300000 12.013033 12.013033 0.084853 20
-0.300000 12.044853 12.044853 0.084853 20
-0.300000 12.087279 12.087279 0.084853 20
-0.036742 11.996282 11.996282 0.010392 20
-0.036742 11.996802 11.996802 0.010392 20
-0.036742 11.997841 11.997841 0.010392 20
-0.036742 12.002258 12.002258 0.010392 20
-0.036742 12.004596 12.004596 0.010392 20
-0.067082 11.992308 11.992308 0.018974 20
-0.067082 11.993257 11.993257 0.018974 20
-0.067082 11.995154 11.995154 0.018974 20
-0.067082 12.003218 12.003218 0.018974 20
-0.067082 12.007487 12.007487 0.018974 20
-0.116190 11.984141 11.984141 0.032863 20
-0.116190 11.985784 11.985784 0.032863 20
-0.116190 11.989070 11.989070 0.032863 20
-0.116190 12.003037 12.003037 0.032863 20
-0.116190 12.010432 12.010432 0.032863 20
-0.212132 11.962000 11.962000 0.060000 20
-0.212132 11.965000 11.965000 0.060000 20
-0.212132 11.971000 11.971000 0.060000 20
-0.212132 11.996500 11.996500 0.060000 20
-0.212132 12.010000 12.010000 0.060000 20
-0.300000 11.934544 11.934544 0.084853 20
-0.300000 11.938787 11.938787 0.084853 20
-0.300000 11.947272 11.947272 0.084853 20
-0.300000 11.983335 11.983335 0.084853 20
-0.300000 12.002426 12.002426 0.084853 20
