-0.212132 11.955000 12.000000 0.060000 22
-0.212132 11.957500 12.000000 0.060000 22
-0.212132 11.960000 12.000000 0.060000 22
-0.212132 11.962500 12.000000 0.060000 22
-0.212132 11.965000 12.000000 0.060000 22
-0.212132 11.967500 12.000000 0.060000 22
-0.212132 11.970000 12.000000 0.060000 22
-0.212132 11.972500 12.000000 0.060000 22
-0.212132 11.975000 12.000000 0.060000 22
-0.212132 11.977500 12.000000 0.060000 22
-0.212132 11.980000 12.000000 0.060000 22
-0.212132 11.982500 12.000000 0.060000 22
-0.212132 11.985000 12.000000 0.060000 22
-0.212132 11.987500 12.000000 0.060000 22
-0.212132 11.990000 12.000000 0.060000 22
-0.212132 11.992500 12.000000 0.060000 22
-0.212132 11.995000 12.000000 0.060000 22
-0.212132 11.997500 12.000000 0.060000 22
-0.212132 12.000000 12.000000 0.060000 22
-0.212132 12.002500 12.000000 0.060000 22
-0.212132 12.005000 12.000000 0.060000 22
-0.212132 12.007500 12.000000 0.060000 22
-0.212132 12.010000 12.000000 0.060000 22
-0.212132 12.012500 12.000000 0.060000 22
-0.212132 12.015000 12.000000 0.060000 22
