-0.036742 11.996282 11.996282 0.010392 20
-0.036742 11.996802 11.996802 0.010392 20
-0.036742 11.997841 11.997841 0.010392 20
-0.036742 12.002258 12.002258 0.010392 20
-0.036742 12.004596 12.004596 0.010392 20
-0.067082 11.992308 11.992308 0.018974 20
-0.067082 11.993257 11.993257 0.018974 20
-0.067082 11.995154 11.995154 0.018974 20
-0.067082 12.003218 12.003218 0.018974 20
-0.067082 12.007487 12.007487 0.018974 20
-0.116190 11.984141 11.984141 0.032863 20
-0.116190 11.985784 11.985784 0.032863 20
-0.116190 11.989070 11.989070 0.032863 20
-0.116190 12.003037 12.003037 0.032863 20
-0.116190 12.010432 12.010432 0.032863 20
-0.212132 11.962000 11.962000 0.060000 20
-0.212132 11.965000 11.965000 0.060000 20
-0.212132 11.971000 11.971000 0.060000 20
-0.212132 11.996500 11.996500 0.060000 20
-0.212132 12.010000 12.010000 0.060000 20
-0.300000 11.934544 11.934544 0.084853 20
-0.300000 11.938787 11.938787 0.084853 20
-0.300000 11.947272 11.947272 0.084853 20
-0.300000 11.983335 11.983335 0.084853 20
-0.300000 12.002426 12.002426 0.084853 20
